0.340000 0.399608 0.306667 0.388627 0.452549 0.312549 0.423529 0.357255 0.313725 0.467843 0.760392 0.656863 0.354510 0.601961 0.419216 0.290980 0.331765 0.497647 0.489412 0.540784 0.406667 0.349020 0.563137 0.444706 0.467059 0.483529 0.925098 0.648235 0.690196 0.393333 0.472157 0.500784 0.774902 0.529804 0.543529 0.620784 0.498039 0.354118 0.362353 0.438039 0.437647 0.452941 0.418039 0.471765 0.721961 0.488627 0.343137 0.485490 0.417255 0.538431 0.458824 0.383137 0.371765 0.364314 0.423922 0.365098 0.528235 0.442745 0.509804 0.501176 0.548235 0.452157 0.381176

0.411373 0.380392 0.411765 0.367059 0.414902 0.642745 0.692157 0.264314 0.528235 0.437647 0.565490 0.577255 0.693333 0.377255 0.596471 0.341176 0.348627 0.484314 0.564314 0.303137 0.430196 0.313725 0.345098 0.300000 0.280784 0.263922 0.766667 0.742353 0.824706 0.410196 0.383922 0.705882 0.774118 0.469412 0.611373 0.595294 0.455294 0.461569 0.246275 0.443922 0.536863 0.492941 0.549804 0.617647 0.551373 0.683529 0.407059 0.470588 0.566667 0.423137 0.504314 0.411765 0.385098 0.503137 0.497255 0.352549 0.403922 0.533333 0.438431 0.339216 0.415686 0.440784 0.339608

0.590980 0.477255 0.503529 0.478824 0.300392 0.541569 0.573333 0.314510 0.492549 0.566667 0.397647 0.725098 0.754118 0.585490 0.652941 0.556078 0.265490 0.363922 0.552549 0.362745 0.410588 0.600000 0.392157 0.149020 0.258824 0.356078 0.802745 0.822745 0.718431 0.307059 0.314902 0.598039 0.765882 0.522745 0.452549 0.595294 0.596078 0.484314 0.229412 0.536863 0.470588 0.515294 0.686275 0.488627 0.677647 0.702745 0.362353 0.535686 0.596471 0.426667 0.416863 0.358824 0.400392 0.483922 0.432549 0.338824 0.417255 0.565098 0.443529 0.572549 0.367059 0.542745 0.450196

0.606667 0.311373 0.298431 0.391373 0.323922 0.460392 0.447451 0.516078 0.525098 0.489412 0.447843 0.651373 0.550588 0.601176 0.495294 0.529804 0.534510 0.328627 0.423529 0.525490 0.587059 0.465882 0.460000 0.202353 0.500784 0.549804 0.665490 0.838824 0.582353 0.647059 0.614118 0.391765 0.458431 0.483922 0.473333 0.583137 0.616078 0.366667 0.229804 0.460000 0.471373 0.673725 0.421569 0.522353 0.640000 0.652549 0.386275 0.356078 0.635686 0.655294 0.416471 0.426275 0.690588 0.476863 0.460000 0.435294 0.406275 0.266667 0.429020 0.468235 0.320000 0.456471 0.500392

0.558431 0.390196 0.338824 0.317647 0.498039 0.443922 0.304314 0.640784 0.729020 0.468627 0.532157 0.433333 0.541961 0.653725 0.460784 0.457647 0.530196 0.579608 0.255294 0.444314 0.336078 0.300784 0.337647 0.296078 0.336078 0.368235 0.433333 0.345882 0.685882 0.445882 0.271373 0.396078 0.488627 0.561176 0.522745 0.622353 0.534902 0.597255 0.237255 0.500000 0.589020 0.442745 0.621176 0.630980 0.531765 0.532941 0.596863 0.340000 0.729412 0.728235 0.644314 0.494118 0.574118 0.324314 0.334902 0.298039 0.213725 0.440392 0.321961 0.509804 0.348627 0.452941 0.534118

0.458039 0.514510 0.401569 0.571765 0.426275 0.430588 0.313725 0.687843 0.746667 0.499216 0.511373 0.646275 0.517255 0.561961 0.626275 0.518824 0.394118 0.571373 0.430196 0.330980 0.346275 0.355294 0.507059 0.534118 0.449020 0.341176 0.340392 0.387059 0.616471 0.500392 0.476863 0.338824 0.411765 0.425882 0.632157 0.436863 0.614118 0.716471 0.454902 0.523137 0.424314 0.485490 0.685098 0.716471 0.629412 0.579216 0.412549 0.436471 0.658039 0.597647 0.535686 0.552157 0.412549 0.389804 0.389020 0.321176 0.423137 0.487843 0.513333 0.377647 0.280000 0.383529 0.341176

0.401569 0.364314 0.529020 0.645490 0.401569 0.420000 0.453333 0.480392 0.637647 0.672941 0.651373 0.551765 0.665490 0.547059 0.729020 0.657255 0.672157 0.469804 0.576863 0.372157 0.308235 0.346275 0.541961 0.325490 0.496078 0.426667 0.294902 0.420000 0.465098 0.647843 0.442353 0.398431 0.434118 0.412941 0.686667 0.736863 0.605882 0.662353 0.436863 0.399608 0.488235 0.602745 0.489412 0.496863 0.583529 0.560000 0.481176 0.261176 0.640784 0.483529 0.643922 0.366275 0.372157 0.363529 0.325098 0.223922 0.225882 0.300784 0.535294 0.365882 0.298824 0.485882 0.436078

0.393725 0.419216 0.674902 0.674510 0.414118 0.404706 0.369412 0.345490 0.564706 0.743137 0.499216 0.587451 0.547451 0.563529 0.545490 0.716471 0.694902 0.541961 0.487451 0.616863 0.244314 0.378431 0.429804 0.357647 0.452549 0.547059 0.252157 0.361176 0.481961 0.372157 0.387843 0.337255 0.478431 0.590980 0.746275 0.702745 0.494510 0.490196 0.384314 0.556078 0.457255 0.628235 0.698824 0.579608 0.737647 0.515294 0.635294 0.458431 0.541569 0.630196 0.535686 0.339608 0.376863 0.292549 0.226667 0.430588 0.229412 0.317647 0.475294 0.458431 0.333725 0.543137 0.279608

0.280784 0.531373 0.364314 0.472157 0.344706 0.501961 0.401569 0.441176 0.469020 0.679608 0.383529 0.483137 0.520784 0.589412 0.518039 0.665098 0.774510 0.710588 0.615294 0.496078 0.540000 0.425098 0.424706 0.339608 0.391373 0.418039 0.343137 0.483529 0.512549 0.551765 0.500000 0.427059 0.539608 0.599216 0.729020 0.690588 0.410980 0.409804 0.348235 0.592941 0.673333 0.528627 0.623529 0.655686 0.485098 0.553725 0.693333 0.404706 0.654510 0.582745 0.391765 0.443529 0.534118 0.326275 0.401961 0.280784 0.381961 0.370980 0.399608 0.360784 0.347843 0.289020 0.324706

0.238824 0.330980 0.359608 0.341961 0.379216 0.422745 0.556471 0.356078 0.481176 0.458431 0.595294 0.525098 0.591765 0.380000 0.551765 0.512157 0.642353 0.772941 0.796863 0.426667 0.586275 0.562745 0.396471 0.301569 0.416078 0.405490 0.558039 0.403137 0.400000 0.335294 0.492549 0.645490 0.650588 0.596078 0.521176 0.504314 0.566667 0.465490 0.311373 0.451373 0.670196 0.592941 0.656863 0.520392 0.505882 0.633333 0.672941 0.534118 0.593333 0.564706 0.613333 0.464706 0.520784 0.296863 0.405098 0.272941 0.445098 0.350196 0.243137 0.573333 0.493725 0.387843 0.466667

0.238039 0.318431 0.440784 0.548627 0.376863 0.562745 0.645882 0.401961 0.463922 0.400392 0.582745 0.705490 0.581176 0.366275 0.413725 0.440392 0.648627 0.649804 0.726667 0.557647 0.417255 0.540392 0.483137 0.267843 0.372549 0.341569 0.423529 0.597255 0.393333 0.278039 0.393333 0.412157 0.535686 0.408235 0.352157 0.478824 0.547059 0.388627 0.564706 0.512941 0.498431 0.636078 0.500784 0.672157 0.587059 0.690980 0.603137 0.616078 0.491373 0.531765 0.672941 0.508235 0.494118 0.532157 0.472157 0.340784 0.299608 0.222745 0.356078 0.414902 0.434118 0.347451 0.456471

0.405098 0.450588 0.383922 0.446667 0.499216 0.498039 0.581176 0.581961 0.590980 0.545882 0.459608 0.709412 0.676471 0.389804 0.520784 0.550588 0.650588 0.487451 0.610980 0.603137 0.501569 0.393333 0.618039 0.339216 0.447451 0.483529 0.429412 0.429412 0.486667 0.336078 0.287059 0.550588 0.596471 0.481176 0.323529 0.440000 0.399216 0.449804 0.465098 0.519608 0.594902 0.555686 0.535294 0.826667 0.658431 0.587059 0.673333 0.298039 0.484314 0.515686 0.559216 0.586667 0.469412 0.286275 0.396078 0.341176 0.327451 0.477647 0.508235 0.339608 0.454118 0.495294 0.421569

0.505098 0.424706 0.464706 0.344706 0.469804 0.471765 0.395686 0.590588 0.659216 0.380392 0.486275 0.472549 0.445098 0.414118 0.565490 0.413725 0.580784 0.715686 0.463137 0.501176 0.478431 0.520784 0.388235 0.436863 0.411373 0.422745 0.501569 0.397255 0.390980 0.375686 0.365490 0.512549 0.525882 0.492157 0.532549 0.518824 0.527451 0.462745 0.258039 0.598039 0.495294 0.403529 0.492157 0.822353 0.769804 0.687059 0.661176 0.356471 0.501961 0.589412 0.506275 0.524706 0.361961 0.455686 0.319608 0.228235 0.255294 0.484314 0.343529 0.485882 0.463529 0.614118 0.438431

0.348627 0.387059 0.501176 0.532549 0.295686 0.549412 0.463137 0.481569 0.559216 0.582353 0.480000 0.445882 0.342353 0.623529 0.680392 0.596863 0.594902 0.575294 0.563529 0.641569 0.663529 0.434510 0.580392 0.436078 0.555294 0.495686 0.602745 0.405098 0.498039 0.543529 0.414902 0.403922 0.451373 0.585490 0.489412 0.475686 0.579608 0.429804 0.499608 0.462745 0.466667 0.689412 0.680784 0.742353 0.721961 0.605098 0.431765 0.370980 0.547059 0.701961 0.539216 0.530196 0.543137 0.494118 0.360392 0.200000 0.498824 0.416471 0.413725 0.470980 0.414902 0.338431 0.559216

0.435294 0.269412 0.455686 0.492157 0.221961 0.375686 0.461961 0.332157 0.601961 0.596471 0.632941 0.500784 0.455294 0.628627 0.576863 0.707451 0.562353 0.518039 0.578431 0.476863 0.536471 0.572157 0.608235 0.310980 0.578431 0.586667 0.435294 0.522745 0.599216 0.702353 0.368627 0.327059 0.648235 0.548627 0.574118 0.582745 0.475686 0.373333 0.464314 0.557255 0.586275 0.761176 0.778039 0.537255 0.690980 0.600784 0.674902 0.538039 0.569020 0.560784 0.552157 0.514118 0.506275 0.380784 0.334118 0.372941 0.454118 0.381961 0.440392 0.304314 0.255294 0.437255 0.418431

0.470980 0.573725 0.350980 0.372941 0.249412 0.320392 0.286275 0.393725 0.485490 0.696471 0.740784 0.363137 0.578039 0.518039 0.427843 0.614510 0.602353 0.340392 0.627451 0.573333 0.490588 0.440784 0.532941 0.420392 0.441569 0.667059 0.372157 0.485098 0.518431 0.580392 0.263529 0.448235 0.525490 0.433333 0.536471 0.636471 0.448235 0.463137 0.363529 0.727843 0.602745 0.553725 0.709020 0.814902 0.523529 0.620000 0.732941 0.499216 0.564706 0.598824 0.513333 0.575294 0.444314 0.339216 0.461569 0.429804 0.203529 0.294902 0.253725 0.272549 0.469804 0.470980 0.263137

0.212157 0.521569 0.463922 0.440000 0.360784 0.307451 0.249020 0.423922 0.576078 0.673333 0.745098 0.425098 0.340392 0.477647 0.408627 0.636471 0.747843 0.441569 0.476078 0.598431 0.561569 0.391765 0.523922 0.355686 0.589412 0.641176 0.650980 0.443137 0.500392 0.325490 0.321569 0.468235 0.494118 0.620000 0.494510 0.459216 0.585098 0.484706 0.532157 0.617647 0.673333 0.580392 0.740000 0.682745 0.525882 0.701961 0.725098 0.509020 0.454118 0.541961 0.465098 0.528235 0.482353 0.358039 0.552157 0.300392 0.229020 0.318824 0.282745 0.241569 0.481176 0.280000 0.401569

0.259216 0.318431 0.582745 0.393725 0.323922 0.373725 0.347451 0.421176 0.582745 0.483529 0.460000 0.403137 0.545098 0.449412 0.530588 0.487843 0.610980 0.425490 0.730980 0.557255 0.580000 0.573725 0.439608 0.568235 0.778431 0.520392 0.572941 0.577647 0.310588 0.369804 0.403529 0.442745 0.592941 0.729412 0.715686 0.385882 0.568235 0.371373 0.484314 0.638824 0.741569 0.672549 0.549412 0.508627 0.513333 0.445882 0.453725 0.440784 0.376471 0.569804 0.520000 0.485098 0.447059 0.615686 0.561176 0.334510 0.230588 0.281961 0.187451 0.426275 0.264706 0.364706 0.402353

0.564314 0.443922 0.405098 0.493725 0.320000 0.387451 0.413725 0.452941 0.383529 0.488235 0.381569 0.600000 0.510980 0.503137 0.343529 0.484706 0.388627 0.615294 0.740784 0.616863 0.721569 0.510196 0.541961 0.612941 0.786275 0.673333 0.417647 0.590980 0.457255 0.410196 0.283922 0.420784 0.540392 0.707059 0.500784 0.558431 0.364314 0.339216 0.536471 0.365882 0.698431 0.594510 0.574118 0.612157 0.467843 0.475294 0.577647 0.501961 0.472549 0.681569 0.594902 0.456078 0.471373 0.668627 0.474902 0.390588 0.186275 0.210980 0.511765 0.498824 0.272941 0.559608 0.504706

0.411765 0.436078 0.265098 0.360392 0.412549 0.349020 0.370588 0.415294 0.444314 0.512157 0.522353 0.540392 0.628235 0.430588 0.377647 0.547451 0.627451 0.540392 0.784314 0.694902 0.749804 0.430588 0.539216 0.579216 0.674510 0.611765 0.597255 0.575294 0.542745 0.563137 0.290980 0.469412 0.436471 0.590196 0.556863 0.520392 0.536078 0.543922 0.452941 0.530980 0.700000 0.590196 0.656863 0.683922 0.531373 0.522353 0.639216 0.429804 0.478039 0.578824 0.729804 0.469412 0.551373 0.341569 0.430588 0.422353 0.151765 0.403137 0.324314 0.278039 0.327843 0.562353 0.510588

0.378824 0.380392 0.396471 0.255686 0.578431 0.554118 0.325490 0.480784 0.459608 0.360784 0.563529 0.466275 0.484314 0.483922 0.500392 0.432157 0.650588 0.504706 0.657647 0.578039 0.596078 0.681176 0.348627 0.429412 0.462353 0.744314 0.600784 0.625882 0.417255 0.357647 0.341176 0.557255 0.558039 0.696863 0.574510 0.611765 0.676863 0.658824 0.459216 0.636471 0.461961 0.640000 0.697647 0.626667 0.525098 0.538824 0.341176 0.325882 0.448627 0.656078 0.705098 0.637255 0.302353 0.422745 0.349020 0.361569 0.347451 0.480000 0.235294 0.327059 0.327451 0.566275 0.620392

0.471765 0.371765 0.339216 0.258431 0.298431 0.440392 0.370588 0.441961 0.532549 0.372157 0.407451 0.563529 0.471373 0.472941 0.501569 0.578431 0.508627 0.570588 0.573333 0.564706 0.751765 0.705098 0.471765 0.504314 0.457647 0.712157 0.640000 0.624706 0.541176 0.401176 0.406275 0.483529 0.796078 0.654118 0.543922 0.449412 0.682745 0.622745 0.540392 0.543922 0.645490 0.562353 0.693725 0.563137 0.603529 0.588627 0.606275 0.510588 0.589020 0.512549 0.555686 0.474118 0.336863 0.428627 0.460784 0.231373 0.412941 0.283529 0.365490 0.468235 0.341569 0.493333 0.612157

0.507843 0.375686 0.290980 0.283922 0.405490 0.333725 0.492941 0.416863 0.442353 0.430588 0.451765 0.443922 0.516078 0.505490 0.607059 0.641569 0.629020 0.561176 0.576078 0.498824 0.754118 0.632941 0.415294 0.287843 0.510980 0.378039 0.615686 0.658431 0.601961 0.551373 0.448627 0.632941 0.660392 0.408235 0.487451 0.563922 0.534902 0.377647 0.462745 0.523137 0.610196 0.735294 0.630196 0.623922 0.583137 0.541961 0.650980 0.441176 0.548627 0.471373 0.569020 0.316078 0.401176 0.429412 0.438039 0.407451 0.311373 0.299608 0.484314 0.555686 0.458824 0.374902 0.592157

0.430196 0.516863 0.342353 0.376471 0.356078 0.298824 0.499608 0.576863 0.334510 0.503529 0.495294 0.334118 0.552549 0.540784 0.586275 0.533725 0.762745 0.564314 0.544314 0.576471 0.599216 0.640784 0.743922 0.515686 0.604314 0.536078 0.541569 0.659216 0.740392 0.558824 0.465882 0.656863 0.374510 0.416863 0.317647 0.469804 0.514902 0.603529 0.450588 0.645490 0.730588 0.700784 0.594118 0.658039 0.498824 0.507451 0.492157 0.313725 0.507843 0.628235 0.392549 0.472549 0.440000 0.432941 0.431373 0.475294 0.116471 0.325098 0.496471 0.561569 0.551373 0.507059 0.478824

0.400392 0.463922 0.417647 0.404706 0.410980 0.381961 0.367451 0.539216 0.500784 0.520784 0.465882 0.301961 0.422353 0.620784 0.528235 0.507059 0.722353 0.681569 0.557255 0.594118 0.460784 0.612157 0.746275 0.631765 0.704314 0.455686 0.593333 0.535294 0.708627 0.546667 0.359608 0.364314 0.456078 0.574902 0.583922 0.460000 0.580000 0.471765 0.497255 0.612157 0.687451 0.521176 0.694902 0.448235 0.434902 0.610588 0.536078 0.417647 0.576863 0.387843 0.517255 0.553333 0.523922 0.283137 0.528627 0.309020 0.249020 0.246275 0.350196 0.566667 0.570196 0.580784 0.501176

0.426275 0.362745 0.491373 0.406667 0.374118 0.360784 0.394510 0.548627 0.567843 0.413333 0.326275 0.320784 0.469020 0.338039 0.571765 0.606667 0.683137 0.652157 0.660000 0.539608 0.611765 0.604706 0.599216 0.610196 0.723922 0.668627 0.574902 0.666667 0.555294 0.459216 0.346667 0.494902 0.694118 0.592157 0.537647 0.652157 0.570588 0.453333 0.563529 0.603922 0.457255 0.615294 0.425882 0.599608 0.523922 0.491373 0.388627 0.534902 0.370980 0.483529 0.563922 0.401961 0.358039 0.518824 0.517647 0.229804 0.398431 0.344314 0.365490 0.582353 0.561176 0.600784 0.542745

0.300784 0.252549 0.298039 0.545098 0.392549 0.379608 0.371765 0.392941 0.420392 0.552941 0.271373 0.301569 0.398431 0.523529 0.388627 0.582745 0.431373 0.602745 0.704706 0.610196 0.462745 0.470196 0.430980 0.637255 0.613333 0.582353 0.458039 0.560000 0.537647 0.583529 0.410588 0.563529 0.726275 0.467843 0.583922 0.623922 0.474118 0.620784 0.623529 0.609804 0.596078 0.629804 0.367451 0.575686 0.531765 0.540392 0.494118 0.481569 0.415686 0.478824 0.400000 0.429804 0.468627 0.532941 0.277647 0.347059 0.503922 0.338824 0.430196 0.577255 0.568627 0.604314 0.578039

0.236471 0.303137 0.200000 0.397255 0.453333 0.301176 0.325882 0.338039 0.444706 0.508627 0.534118 0.267451 0.454510 0.524706 0.367451 0.508235 0.583137 0.596863 0.716078 0.592549 0.610196 0.430980 0.571373 0.387843 0.503922 0.534510 0.438039 0.384706 0.640000 0.563922 0.367451 0.570588 0.679608 0.598431 0.578039 0.451373 0.481176 0.559608 0.589804 0.668627 0.709020 0.494902 0.701569 0.630196 0.674902 0.586275 0.504706 0.365490 0.397647 0.492941 0.319608 0.436078 0.517647 0.299216 0.380784 0.374118 0.485882 0.424314 0.482353 0.554118 0.567059 0.595686 0.586275

0.343529 0.361961 0.210196 0.202353 0.403137 0.503137 0.248627 0.308235 0.423529 0.363922 0.595294 0.500392 0.383529 0.483922 0.311373 0.358431 0.548627 0.556078 0.560392 0.713333 0.721961 0.674902 0.477255 0.557255 0.572157 0.673333 0.467451 0.434510 0.568627 0.463137 0.385490 0.617647 0.589020 0.539216 0.541569 0.444314 0.469412 0.381961 0.622745 0.587843 0.547843 0.600000 0.622353 0.557647 0.487451 0.513725 0.361176 0.324706 0.301176 0.441961 0.401569 0.589412 0.358431 0.322353 0.368627 0.353725 0.388627 0.530980 0.528627 0.561569 0.559216 0.580784 0.572941

0.418824 0.351765 0.212549 0.232941 0.294118 0.489412 0.435686 0.328627 0.363137 0.437255 0.397647 0.509804 0.399216 0.258824 0.309020 0.504314 0.413725 0.578431 0.530588 0.598039 0.523529 0.685490 0.489804 0.605882 0.484706 0.571373 0.444314 0.537647 0.625490 0.469020 0.428627 0.481961 0.554510 0.545098 0.678431 0.723137 0.446667 0.445490 0.569412 0.543529 0.597647 0.641176 0.546667 0.489412 0.527059 0.474902 0.458431 0.322745 0.315294 0.382745 0.535686 0.362745 0.323529 0.481961 0.418431 0.396863 0.468627 0.532549 0.560392 0.570588 0.584706 0.542353 0.600392

0.426275 0.207451 0.220392 0.276863 0.297647 0.363529 0.420000 0.290980 0.305490 0.436078 0.429804 0.411373 0.598431 0.345490 0.366275 0.474118 0.440784 0.413333 0.534902 0.472549 0.694902 0.695686 0.601176 0.428627 0.578039 0.490196 0.441176 0.648235 0.782353 0.526667 0.265490 0.548235 0.559608 0.614118 0.678039 0.686275 0.458039 0.516078 0.349804 0.649020 0.631765 0.578039 0.508235 0.565098 0.554902 0.456078 0.448235 0.383137 0.280000 0.584706 0.571765 0.372941 0.452549 0.550980 0.534510 0.461569 0.338039 0.465490 0.563137 0.581961 0.594902 0.597255 0.617255

0.297647 0.256863 0.348627 0.252549 0.267451 0.310980 0.452157 0.532941 0.287059 0.395686 0.333333 0.405098 0.498824 0.516471 0.458431 0.572941 0.485882 0.361176 0.350588 0.558039 0.658431 0.729020 0.531373 0.560000 0.503137 0.474902 0.432157 0.636471 0.780784 0.610588 0.332549 0.594510 0.555686 0.762353 0.723922 0.509804 0.537647 0.578039 0.541569 0.527059 0.639216 0.502353 0.472157 0.448235 0.361569 0.469412 0.478431 0.479608 0.529804 0.537647 0.266275 0.472157 0.436863 0.600000 0.454510 0.479608 0.285882 0.482353 0.514902 0.585098 0.616471 0.606275 0.660392

0.278431 0.299608 0.312157 0.273725 0.283529 0.229804 0.308235 0.496863 0.383137 0.336078 0.357647 0.332941 0.318431 0.515294 0.332549 0.412549 0.470196 0.389804 0.369020 0.527059 0.604314 0.689804 0.609804 0.560392 0.698824 0.483922 0.568627 0.527451 0.636471 0.444706 0.312549 0.567843 0.567451 0.770196 0.767059 0.537255 0.636471 0.371765 0.590980 0.572941 0.567451 0.596471 0.567843 0.319216 0.423922 0.461961 0.440784 0.498824 0.534902 0.351765 0.263529 0.363922 0.470980 0.559216 0.540392 0.499216 0.340784 0.450980 0.493725 0.535686 0.618039 0.618824 0.652549

0.426275 0.345882 0.327059 0.279608 0.312549 0.256078 0.278824 0.295686 0.472549 0.348627 0.381961 0.368627 0.504706 0.258039 0.537255 0.499608 0.401961 0.390196 0.351765 0.363529 0.532941 0.629804 0.372941 0.612941 0.665490 0.646667 0.607451 0.530588 0.584314 0.460392 0.294902 0.647059 0.704314 0.700784 0.695294 0.706275 0.560000 0.408627 0.652549 0.486667 0.437647 0.626667 0.352941 0.316078 0.393333 0.384706 0.438039 0.438824 0.287843 0.318824 0.308235 0.289020 0.408627 0.533333 0.498824 0.519216 0.354118 0.417255 0.496078 0.541569 0.601176 0.621176 0.600784

0.437255 0.405490 0.321176 0.271765 0.271373 0.209020 0.234118 0.250588 0.374902 0.530588 0.356078 0.392157 0.389804 0.328627 0.336471 0.539608 0.453333 0.409412 0.436863 0.559608 0.378039 0.616078 0.401176 0.489804 0.606275 0.636863 0.571373 0.616471 0.552941 0.583529 0.345882 0.520392 0.667059 0.430980 0.604314 0.386275 0.518431 0.509020 0.488627 0.550980 0.625098 0.516078 0.557255 0.357647 0.411765 0.427451 0.543137 0.410196 0.460784 0.430980 0.276078 0.303529 0.422745 0.557255 0.510588 0.316863 0.383529 0.409020 0.501961 0.550588 0.561569 0.592157 0.613725

0.467451 0.424314 0.367059 0.307451 0.296863 0.125490 0.170980 0.364706 0.726275 0.558431 0.545882 0.267059 0.349804 0.373333 0.330588 0.497255 0.588627 0.374902 0.386667 0.547843 0.474902 0.496078 0.569804 0.326275 0.595686 0.677647 0.573333 0.434510 0.552157 0.410196 0.464706 0.597255 0.550588 0.650196 0.615294 0.463137 0.505098 0.598431 0.425098 0.583137 0.363137 0.401961 0.463922 0.368627 0.281961 0.545490 0.378824 0.218824 0.489804 0.745490 0.412157 0.331765 0.337647 0.538431 0.500392 0.485098 0.452157 0.479608 0.542353 0.553333 0.539608 0.560784 0.641176

0.427451 0.400000 0.296471 0.294902 0.204314 0.117647 0.368235 0.327059 0.560392 0.258039 0.506667 0.379608 0.342353 0.490588 0.242353 0.270588 0.630588 0.483922 0.338039 0.363922 0.434118 0.517647 0.428627 0.462353 0.476863 0.469804 0.629020 0.565882 0.544706 0.506275 0.612549 0.634902 0.441569 0.523529 0.629020 0.619608 0.574118 0.603137 0.492941 0.574902 0.330980 0.307843 0.336078 0.288627 0.385490 0.505490 0.229412 0.186667 0.344706 0.555686 0.579216 0.481569 0.450980 0.485882 0.462353 0.552549 0.492549 0.530196 0.591373 0.509412 0.510980 0.542353 0.608627

0.534118 0.396078 0.315294 0.207843 0.226275 0.172157 0.634902 0.610588 0.350196 0.283137 0.352157 0.554118 0.414510 0.407843 0.287451 0.434902 0.330980 0.627451 0.519216 0.379216 0.362353 0.608235 0.558431 0.529020 0.543922 0.346667 0.475686 0.647843 0.743529 0.584314 0.472941 0.572157 0.699608 0.394510 0.530980 0.520392 0.478039 0.519608 0.440392 0.367451 0.467843 0.343137 0.280000 0.458824 0.510588 0.263922 0.278824 0.180784 0.467451 0.479608 0.428627 0.401176 0.440784 0.575686 0.567451 0.608235 0.613725 0.513333 0.557647 0.367451 0.495686 0.527843 0.617255

0.437255 0.376471 0.365098 0.327059 0.261176 0.177255 0.554902 0.381569 0.570588 0.399216 0.268235 0.409412 0.503922 0.299608 0.293725 0.483529 0.349804 0.511373 0.621569 0.336471 0.452941 0.716863 0.579608 0.380000 0.457255 0.372157 0.537647 0.709412 0.765882 0.720000 0.493333 0.674902 0.509020 0.444314 0.471765 0.443137 0.403922 0.549412 0.250588 0.381961 0.546667 0.437647 0.418431 0.582353 0.263529 0.349412 0.282353 0.181569 0.483137 0.598431 0.578431 0.714118 0.417647 0.424706 0.471765 0.543922 0.627843 0.517255 0.578824 0.512941 0.534118 0.585098 0.621569

0.325882 0.304706 0.443922 0.332549 0.373725 0.305098 0.435294 0.423922 0.736471 0.208235 0.285882 0.239608 0.515686 0.508235 0.300392 0.491373 0.339608 0.410588 0.561176 0.547059 0.441961 0.685098 0.578039 0.476078 0.440392 0.564706 0.613725 0.610196 0.730980 0.664314 0.449412 0.686275 0.601176 0.576078 0.461176 0.408235 0.502745 0.565882 0.240392 0.519608 0.525098 0.374510 0.509804 0.408627 0.261961 0.428235 0.290980 0.189804 0.343137 0.540000 0.645882 0.897255 0.330588 0.429020 0.338824 0.417647 0.565490 0.419608 0.483922 0.548627 0.602353 0.608627 0.585098

0.191373 0.272941 0.312941 0.256863 0.309804 0.425490 0.307451 0.525882 0.472941 0.238039 0.314118 0.263529 0.271765 0.553725 0.390980 0.425490 0.376078 0.400000 0.342353 0.537255 0.686667 0.540392 0.588235 0.380000 0.390980 0.526275 0.482353 0.477647 0.641961 0.514510 0.387059 0.729804 0.609804 0.485882 0.401961 0.532549 0.546275 0.315686 0.264706 0.433333 0.391765 0.458039 0.447059 0.261176 0.337647 0.333333 0.337647 0.264706 0.467451 0.683922 0.609804 0.458431 0.369020 0.232941 0.223529 0.351765 0.495686 0.323137 0.434510 0.556863 0.596471 0.589804 0.570980

0.194902 0.371765 0.298431 0.391765 0.430980 0.699216 0.472941 0.630196 0.434118 0.346275 0.330196 0.337647 0.350588 0.373725 0.413725 0.384706 0.441961 0.478431 0.397255 0.489804 0.648627 0.713725 0.506667 0.403137 0.578431 0.421961 0.560000 0.565098 0.425490 0.504706 0.344314 0.556078 0.511765 0.431765 0.292549 0.568235 0.381961 0.340784 0.299216 0.322353 0.665098 0.578039 0.238431 0.247059 0.310588 0.332941 0.485098 0.716863 0.456471 0.638431 0.620000 0.569020 0.443922 0.358039 0.249412 0.423529 0.523922 0.178039 0.517647 0.587451 0.584706 0.554510 0.567059

0.189020 0.312941 0.332941 0.316471 0.667451 0.483529 0.625490 0.749020 0.422353 0.696863 0.469412 0.494902 0.438824 0.254902 0.564706 0.593725 0.443529 0.454118 0.438824 0.513333 0.485882 0.605882 0.428627 0.464314 0.662353 0.518039 0.549412 0.595294 0.692549 0.572549 0.355686 0.574902 0.450588 0.311765 0.381176 0.329412 0.354902 0.385490 0.290980 0.464706 0.610588 0.312157 0.294902 0.225098 0.286275 0.350588 0.576863 0.750980 0.673725 0.488627 0.454510 0.702745 0.429804 0.369412 0.218039 0.410196 0.440392 0.254902 0.509804 0.569804 0.500784 0.509804 0.481569

0.204314 0.299608 0.350196 0.272941 0.541961 0.632941 0.616471 0.623922 0.777647 0.879608 0.415294 0.273725 0.241176 0.167451 0.295686 0.519216 0.482353 0.343529 0.583529 0.605882 0.326667 0.430196 0.516471 0.384314 0.456863 0.609020 0.695686 0.682745 0.628235 0.601176 0.296471 0.385098 0.352157 0.679216 0.513725 0.337647 0.446667 0.373725 0.248627 0.632549 0.493725 0.347843 0.401176 0.281961 0.299608 0.322745 0.632549 0.727059 0.676863 0.702745 0.605098 0.609804 0.405098 0.492157 0.438824 0.325490 0.359216 0.275686 0.395294 0.541569 0.410980 0.464706 0.483529

0.204314 0.234510 0.220392 0.277647 0.370588 0.812941 0.560000 0.710196 0.821961 0.820000 0.477647 0.316078 0.227451 0.174118 0.376078 0.241961 0.546275 0.506667 0.375294 0.379608 0.361569 0.347843 0.396471 0.506667 0.420784 0.602745 0.712157 0.647843 0.516863 0.645098 0.400784 0.528235 0.511765 0.520784 0.331373 0.397255 0.461961 0.247843 0.320784 0.366275 0.339216 0.465098 0.470588 0.338824 0.261961 0.347843 0.679216 0.761176 0.561569 0.758431 0.485098 0.612157 0.574902 0.709020 0.615686 0.367843 0.236863 0.226275 0.353725 0.351373 0.433333 0.416078 0.453725

0.241176 0.404314 0.725098 0.662353 0.621961 0.388627 0.495294 0.814118 0.767451 0.762353 0.504314 0.363922 0.221569 0.181569 0.329412 0.223137 0.333333 0.522745 0.319608 0.346667 0.421176 0.379608 0.217255 0.556863 0.475686 0.558039 0.738824 0.566667 0.684314 0.692941 0.407059 0.505882 0.489412 0.265098 0.294510 0.307451 0.445490 0.357255 0.476078 0.260784 0.410588 0.544706 0.527843 0.333333 0.310196 0.341569 0.654118 0.781176 0.520392 0.814118 0.510196 0.600000 0.764706 0.765098 0.712941 0.380392 0.158039 0.155294 0.376471 0.274510 0.320784 0.341176 0.430196

0.265098 0.468627 0.746667 0.701961 0.698431 0.337647 0.614902 0.871373 0.571373 0.832157 0.527451 0.370980 0.222745 0.194118 0.291765 0.224314 0.239608 0.512549 0.546667 0.313333 0.389020 0.390980 0.169412 0.390196 0.423137 0.399216 0.503922 0.562353 0.672941 0.695686 0.367451 0.619608 0.433725 0.392157 0.387059 0.383922 0.377255 0.569412 0.328235 0.306667 0.427843 0.435294 0.447843 0.316078 0.289412 0.328235 0.647059 0.754118 0.620392 0.787843 0.514510 0.555686 0.757647 0.539216 0.798431 0.464314 0.179216 0.395686 0.494510 0.521176 0.467059 0.387843 0.470196

0.176863 0.260000 0.709412 0.550588 0.673725 0.316078 0.520000 0.733725 0.582745 0.743529 0.485098 0.350588 0.303922 0.178431 0.210588 0.270588 0.341176 0.283529 0.566667 0.460784 0.322353 0.314902 0.176078 0.427059 0.424314 0.538039 0.481569 0.649804 0.578824 0.386275 0.495686 0.630980 0.356863 0.356078 0.272941 0.362745 0.424706 0.469804 0.263137 0.364314 0.485882 0.434510 0.394902 0.334118 0.361569 0.675686 0.712157 0.603137 0.661961 0.842353 0.515686 0.740392 0.797255 0.572941 0.826667 0.472941 0.370196 0.550588 0.613333 0.540784 0.412549 0.423922 0.538824

0.284314 0.240392 0.748627 0.544706 0.553725 0.428235 0.627451 0.757647 0.706275 0.751765 0.416078 0.407451 0.342353 0.219608 0.245490 0.283922 0.358824 0.277255 0.264706 0.394902 0.360000 0.264314 0.201961 0.497647 0.335686 0.631765 0.641961 0.554118 0.485098 0.380392 0.276471 0.223529 0.491765 0.441569 0.227451 0.514902 0.540392 0.223137 0.227843 0.361569 0.414118 0.354902 0.399216 0.641961 0.721569 0.657647 0.730196 0.447451 0.603137 0.798824 0.547451 0.546667 0.683529 0.720784 0.786667 0.357647 0.419216 0.621569 0.352941 0.317255 0.400392 0.480392 0.547843

0.486275 0.290196 0.817255 0.679608 0.528235 0.691373 0.442745 0.745490 0.795686 0.619608 0.806667 0.588235 0.603529 0.236863 0.301569 0.385098 0.373333 0.361176 0.356863 0.277255 0.520392 0.391373 0.267059 0.308627 0.440392 0.306667 0.791765 0.634118 0.353333 0.534902 0.318039 0.322745 0.451373 0.436863 0.229020 0.480392 0.300000 0.272549 0.227451 0.362745 0.427451 0.329804 0.618431 0.685882 0.674118 0.661176 0.561961 0.655686 0.252549 0.687059 0.429804 0.585882 0.649020 0.869412 0.851765 0.694510 0.581569 0.418824 0.452549 0.565098 0.343529 0.403922 0.543529

0.685490 0.445098 0.763529 0.723137 0.578039 0.747843 0.484314 0.776078 0.552157 0.315686 0.481176 0.580784 0.536078 0.438431 0.342745 0.373333 0.372157 0.407843 0.348235 0.263922 0.363529 0.392549 0.180784 0.309804 0.476078 0.381961 0.433333 0.568627 0.533725 0.447059 0.214510 0.453725 0.512549 0.369020 0.440784 0.494510 0.221569 0.246667 0.234902 0.322745 0.418824 0.360392 0.685882 0.710588 0.663922 0.649020 0.594510 0.478824 0.192157 0.245882 0.265490 0.618431 0.665490 0.409804 0.526275 0.699216 0.390196 0.463137 0.335686 0.585490 0.332941 0.366667 0.527843

0.408235 0.573333 0.512941 0.639216 0.671373 0.424706 0.312549 0.285098 0.251765 0.599216 0.497255 0.476078 0.568235 0.507059 0.486667 0.360392 0.444706 0.450196 0.323137 0.207843 0.230980 0.440784 0.355686 0.312157 0.343529 0.448627 0.394118 0.395686 0.590196 0.322353 0.196078 0.506667 0.310980 0.449020 0.488627 0.330588 0.256471 0.283529 0.371373 0.384314 0.404314 0.567451 0.575294 0.499608 0.621961 0.650588 0.609020 0.801176 0.731373 0.644314 0.313725 0.316863 0.291373 0.318431 0.426667 0.497255 0.476078 0.410980 0.463922 0.288627 0.158431 0.307843 0.478431

0.484706 0.500784 0.399608 0.285490 0.291765 0.212549 0.458039 0.546275 0.557255 0.486667 0.322353 0.342745 0.512549 0.461961 0.637255 0.519216 0.514902 0.398431 0.296471 0.292549 0.296863 0.260392 0.350980 0.292549 0.293333 0.382353 0.511765 0.425882 0.326275 0.317647 0.215686 0.267059 0.367059 0.549020 0.277255 0.397647 0.295686 0.271765 0.426667 0.388235 0.386275 0.558039 0.635686 0.553333 0.605098 0.826667 0.773333 0.898824 0.844706 0.773725 0.316078 0.683529 0.504314 0.282745 0.528627 0.626275 0.516863 0.463137 0.452941 0.220000 0.294902 0.455686 0.517255

0.575686 0.475294 0.556078 0.229804 0.229804 0.383922 0.587843 0.736078 0.706275 0.865882 0.481176 0.586667 0.396863 0.505098 0.685098 0.568627 0.481569 0.365098 0.292157 0.368235 0.361961 0.326275 0.210980 0.474118 0.353725 0.312157 0.558824 0.442353 0.390980 0.368235 0.230980 0.229804 0.575686 0.497255 0.232941 0.381176 0.341176 0.293333 0.290588 0.320392 0.463137 0.605490 0.536078 0.681569 0.547451 0.633725 0.737255 0.774118 0.708627 0.738039 0.340000 0.883529 0.824706 0.652941 0.360000 0.652549 0.565098 0.509412 0.153725 0.219216 0.296078 0.465490 0.525882

0.603922 0.314118 0.336078 0.587059 0.653725 0.829804 0.534510 0.761176 0.705490 0.753333 0.480000 0.656078 0.455294 0.496078 0.492941 0.598039 0.480784 0.463137 0.415294 0.364706 0.409412 0.342745 0.119608 0.548627 0.585098 0.247059 0.474118 0.418824 0.363922 0.279216 0.154118 0.489412 0.650980 0.332549 0.243529 0.319608 0.412941 0.394902 0.263137 0.339216 0.698824 0.687843 0.633725 0.730196 0.538431 0.528235 0.810980 0.782353 0.469804 0.697255 0.292549 0.764706 0.779608 0.728627 0.738039 0.439216 0.542745 0.286275 0.201961 0.223922 0.247059 0.357647 0.472549

0.486667 0.540784 0.522745 0.753333 0.650196 0.846275 0.469804 0.752157 0.657255 0.613333 0.582353 0.576078 0.489804 0.420784 0.730196 0.689020 0.555294 0.291765 0.364706 0.405882 0.349020 0.260784 0.244706 0.377255 0.350196 0.446667 0.325098 0.396863 0.346275 0.269804 0.312157 0.408627 0.241176 0.504314 0.318824 0.355686 0.416471 0.421569 0.265098 0.376863 0.412941 0.380784 0.448627 0.683137 0.432157 0.395686 0.822353 0.760392 0.510196 0.660000 0.289804 0.825882 0.659216 0.686667 0.749412 0.303529 0.612157 0.309020 0.212549 0.270980 0.269020 0.304706 0.427843

0.302353 0.274510 0.547843 0.715294 0.603137 0.721176 0.283137 0.721961 0.620784 0.541176 0.801961 0.211765 0.468235 0.698039 0.478431 0.401569 0.417647 0.283529 0.472157 0.489020 0.325098 0.271765 0.351373 0.576863 0.245098 0.525882 0.412549 0.335686 0.301961 0.216863 0.221961 0.283529 0.214510 0.580000 0.444314 0.609020 0.384314 0.407843 0.283137 0.316078 0.672941 0.683529 0.634118 0.525882 0.345490 0.418824 0.762745 0.807059 0.649020 0.780784 0.309020 0.716863 0.778039 0.631765 0.716863 0.343529 0.359216 0.294902 0.220784 0.339216 0.271373 0.254118 0.410980

0.217647 0.162745 0.685882 0.523529 0.563529 0.749804 0.280392 0.774510 0.596471 0.647843 0.764314 0.199608 0.287451 0.498824 0.523529 0.633725 0.359608 0.210980 0.471765 0.448235 0.315294 0.586275 0.508235 0.489020 0.236863 0.315686 0.505098 0.310980 0.258431 0.287843 0.213333 0.319608 0.254118 0.584706 0.605882 0.788235 0.350588 0.339216 0.311765 0.316863 0.643137 0.469804 0.561961 0.387451 0.358431 0.447059 0.775294 0.731373 0.713725 0.500784 0.458431 0.656078 0.755686 0.596078 0.729020 0.403137 0.375294 0.316471 0.121176 0.292157 0.280000 0.288235 0.470196

0.134510 0.227059 0.677255 0.538824 0.627451 0.707451 0.500784 0.578824 0.835294 0.861569 0.730196 0.269804 0.217255 0.439216 0.468627 0.558039 0.666667 0.216471 0.350196 0.372941 0.275294 0.741176 0.387451 0.394902 0.260392 0.238431 0.492157 0.459608 0.230588 0.411373 0.174902 0.202353 0.336471 0.611765 0.633333 0.740392 0.297647 0.312157 0.297255 0.291765 0.623922 0.614902 0.637255 0.385098 0.366275 0.436078 0.554118 0.548235 0.438039 0.654510 0.557647 0.476078 0.765098 0.636078 0.805882 0.508235 0.423922 0.366275 0.211373 0.316863 0.336078 0.330980 0.518431

0.166667 0.192549 0.775294 0.519216 0.724314 0.598431 0.476471 0.443529 0.803922 0.730588 0.577255 0.192157 0.194902 0.229804 0.553333 0.309804 0.666275 0.255686 0.299608 0.305882 0.276863 0.550980 0.334902 0.605882 0.256078 0.345098 0.268627 0.532549 0.467059 0.470196 0.231765 0.201569 0.565490 0.792157 0.417255 0.576078 0.728627 0.351373 0.313725 0.287843 0.335294 0.478824 0.422745 0.392549 0.360392 0.407451 0.464706 0.463137 0.314510 0.487059 0.548235 0.393725 0.783922 0.805098 0.838824 0.505882 0.388235 0.372549 0.297255 0.297255 0.574510 0.457647 0.440392

0.171373 0.268627 0.735686 0.714510 0.790196 0.512549 0.577647 0.353333 0.212157 0.228627 0.244314 0.198824 0.173725 0.184314 0.286275 0.189412 0.302745 0.271373 0.243137 0.221176 0.630588 0.400784 0.558824 0.433725 0.304706 0.431765 0.393725 0.311373 0.283529 0.278431 0.260000 0.234510 0.366667 0.609020 0.510196 0.523529 0.755686 0.399608 0.345490 0.276078 0.371373 0.454118 0.410980 0.397255 0.436863 0.393333 0.432157 0.412549 0.293725 0.521961 0.491765 0.560000 0.383529 0.492549 0.655686 0.418431 0.441569 0.364706 0.345490 0.263529 0.678824 0.423137 0.430980

0.170196 0.250980 0.802745 0.650196 0.432157 0.750196 0.765882 0.415294 0.263922 0.217647 0.207451 0.192549 0.148235 0.187059 0.267059 0.269804 0.415294 0.349804 0.219216 0.214902 0.791373 0.456471 0.407451 0.269412 0.340392 0.542745 0.421176 0.360392 0.239608 0.232941 0.208235 0.316078 0.349804 0.594118 0.782745 0.656863 0.569020 0.433333 0.306275 0.285098 0.375686 0.486667 0.478824 0.478824 0.419608 0.380000 0.362745 0.345490 0.364706 0.466667 0.600000 0.869804 0.281961 0.276863 0.344706 0.377647 0.362745 0.383529 0.317647 0.646667 0.557255 0.422745 0.410588

0.180392 0.247843 0.467059 0.312549 0.265490 0.735294 0.501961 0.742353 0.429804 0.230588 0.213333 0.199216 0.201961 0.276863 0.322353 0.320392 0.392157 0.312549 0.261569 0.534118 0.662745 0.541176 0.492549 0.219608 0.390980 0.522353 0.416863 0.424706 0.209804 0.239608 0.211765 0.315686 0.295294 0.485882 0.801176 0.529804 0.440784 0.418039 0.309020 0.272549 0.362745 0.412941 0.406667 0.412941 0.416471 0.314902 0.311765 0.329804 0.378039 0.589412 0.490588 0.701176 0.267843 0.278039 0.291373 0.394902 0.380392 0.297255 0.270196 0.668627 0.413333 0.514118 0.385098

